{"producer":{"name":"Blender","version":"2.77 (sub 0)","exporter_version":"4.5.0","file":"male.babylon"},
"autoClear":true,"clearColor":[0.0509,0.0509,0.0509],"ambientColor":[0,0,0],"gravity":[0,-9.81,0],
"materials":[{"name":"male.male:Eyebrow008:eyebrow011","id":"male.male:Eyebrow008:eyebrow011","ambient":[1,1,1],"diffuse":[1,1,1],"specular":[0,0,0],"emissive":[0,0,0],"specularPower":256,"alpha":1,"backFaceCulling":true,"checkReadyOnlyOnce":false, 
"diffuseTexture":{"name":"eyebrow011.png","level":1,"hasAlpha":1,"coordinatesMode":0,"uOffset":0,"vOffset":0,"uScale":1,"vScale":1,"uAng":0,"vAng":0,"wAng":0,"wrapU":1,"wrapV":1,"coordinatesIndex":0}},
{"name":"male.male:Low-Poly:Eyeblue","id":"male.male:Low-Poly:Eyeblue","ambient":[1,1,1],"diffuse":[1,1,1],"specular":[1,1,1],"emissive":[0,0,0],"specularPower":511,"alpha":1,"backFaceCulling":true,"checkReadyOnlyOnce":false, 
"diffuseTexture":{"name":"blue_eye.png","level":1,"hasAlpha":1,"coordinatesMode":0,"uOffset":0,"vOffset":0,"uScale":1,"vScale":1,"uAng":0,"vAng":0,"wAng":0,"wrapU":1,"wrapV":1,"coordinatesIndex":0}},
{"name":"male.male:mhair02:mhair02black","id":"male.male:mhair02:mhair02black","ambient":[1,1,1],"diffuse":[1,1,1],"specular":[0.051,0.051,0.051],"emissive":[0,0,0],"specularPower":491,"alpha":1,"backFaceCulling":true,"checkReadyOnlyOnce":false, 
"diffuseTexture":{"name":"male02_diffuse_black.png","level":1,"hasAlpha":1,"coordinatesMode":0,"uOffset":0,"vOffset":0,"uScale":1,"vScale":1,"uAng":0,"vAng":0,"wAng":0,"wrapU":1,"wrapV":1,"coordinatesIndex":0}},
{"name":"male.male:tshirt02:tshirt02Material","id":"male.male:tshirt02:tshirt02Material","ambient":[1,1,1],"diffuse":[1,1,1],"specular":[0.0314,0.0314,0.0314],"emissive":[0,0,0],"specularPower":100,"alpha":1,"backFaceCulling":true,"checkReadyOnlyOnce":false, 
"diffuseTexture":{"name":"tshirt02_texture.png","level":1,"hasAlpha":1,"coordinatesMode":0,"uOffset":0,"vOffset":0,"uScale":1,"vScale":1,"uAng":0,"vAng":0,"wAng":0,"wrapU":1,"wrapV":1,"coordinatesIndex":0}, 
"bumpTexture":{"name":"tshirt02_normals.png","level":10,"hasAlpha":1,"coordinatesMode":0,"uOffset":0,"vOffset":0,"uScale":1,"vScale":1,"uAng":0,"vAng":0,"wAng":0,"wrapU":1,"wrapV":1,"coordinatesIndex":0}},
{"name":"male.male:jeans01:short01Material","id":"male.male:jeans01:short01Material","ambient":[1,1,1],"diffuse":[1,1,1],"specular":[0.5,0.5,0.5],"emissive":[0,0,0],"specularPower":256,"alpha":1,"backFaceCulling":true,"checkReadyOnlyOnce":false, 
"diffuseTexture":{"name":"jeans01_black_diffuse.png","level":1,"hasAlpha":1,"coordinatesMode":0,"uOffset":0,"vOffset":0,"uScale":1,"vScale":1,"uAng":0,"vAng":0,"wAng":0,"wrapU":1,"wrapV":1,"coordinatesIndex":0}, 
"bumpTexture":{"name":"jeans01_normals.png","level":10,"hasAlpha":1,"coordinatesMode":0,"uOffset":0,"vOffset":0,"uScale":1,"vScale":1,"uAng":0,"vAng":0,"wAng":0,"wrapU":1,"wrapV":1,"coordinatesIndex":0}},
{"name":"male.male:Skin","id":"male.male:Skin","ambient":[1,1,1],"diffuse":[1,1,1],"specular":[0.0275,0.0275,0.0275],"emissive":[0,0,0],"specularPower":256,"alpha":1,"backFaceCulling":true,"checkReadyOnlyOnce":false, 
"diffuseTexture":{"name":"young_lightskinned_male_diffuse.png","level":1,"hasAlpha":1,"coordinatesMode":0,"uOffset":0,"vOffset":0,"uScale":1,"vScale":1,"uAng":0,"vAng":0,"wAng":0,"wrapU":1,"wrapV":1,"coordinatesIndex":0}},
{"name":"male.male:Invisio","id":"male.male:Invisio","ambient":[1,1,1],"diffuse":[0.8,0.8,0.8],"specular":[0.5,0.5,0.5],"emissive":[0,0,0],"specularPower":50,"alpha":0,"backFaceCulling":true,"checkReadyOnlyOnce":false},
{"name":"male.male:Red","id":"male.male:Red","ambient":[1,0,0],"diffuse":[0.8,0,0],"specular":[0.5,0.5,0.5],"emissive":[0,0,0],"specularPower":50,"alpha":0,"backFaceCulling":true,"checkReadyOnlyOnce":false},
{"name":"male.male:Green","id":"male.male:Green","ambient":[0,1,0],"diffuse":[0,0.8,0],"specular":[0.5,0.5,0.5],"emissive":[0,0,0],"specularPower":50,"alpha":0,"backFaceCulling":true,"checkReadyOnlyOnce":false},
{"name":"male.male:Blue","id":"male.male:Blue","ambient":[0,0,1],"diffuse":[0,0,0.8],"specular":[0.5,0.5,0.5],"emissive":[0,0,0],"specularPower":50,"alpha":0,"backFaceCulling":true,"checkReadyOnlyOnce":false},
{"name":"male.male:Yellow","id":"male.male:Yellow","ambient":[1,1,0],"diffuse":[0.8,0.8,0],"specular":[0.5,0.5,0.5],"emissive":[0,0,0],"specularPower":50,"alpha":0,"backFaceCulling":true,"checkReadyOnlyOnce":false}],
"multiMaterials":[{"name":"male.Multimaterial#0","id":"male.Multimaterial#0","materials":["male.male:Skin","male.male:Invisio","male.male:Red","male.male:Green","male.male:Blue","male.male:Yellow"]}],
"skeletons":[{"name":"Armature","id":0,"bones":[
{"name":"hips","index":0,"matrix":[0.9803,-0.024,0.196,0,0.0049,0.9953,0.0972,0,0.1974,0.0943,-0.9758,0,0,0.8863,-0.0071,1],"rest":[1,0,0,0,0,0.9893,0.1461,0,0,0.1461,-0.9893,0,0,0.913,-0.0032,1],"parentBoneIndex":-1,"length":0.1571
,"animation":{"dataType":3,"framePerSecond":60,"keys":[
{"frame":1,"values":[1,0,0,0,0,0.9893,0.1461,0,0,0.1461,-0.9893,0,0,0.913,-0.0032,1]},
{"frame":61,"values":[1,0,0,0,0,0.9893,0.1461,0,0,0.1461,-0.9893,0,0,0.913,-0.0032,1]},
{"frame":71,"values":[1,0,0,0,0,0.9893,0.1461,0,0,0.1461,-0.9893,0,0,0.913,-0.0032,1]},
{"frame":130,"values":[1,0,0,0,0,0.9893,0.1461,0,0,0.1461,-0.9893,0,0,0.913,-0.0032,1]},
{"frame":141,"values":[0.9803,-0.024,0.196,0,0.0049,0.9953,0.0972,0,0.1974,0.0943,-0.9758,0,0,0.8863,-0.0071,1]},
{"frame":142,"values":[0.9823,-0.0228,0.1862,0,0.0047,0.9953,0.0972,0,0.1875,0.0946,-0.9777,0,0,0.8868,-0.007,1]},
{"frame":143,"values":[0.9837,-0.0218,0.1784,0,0.0045,0.9953,0.0972,0,0.1797,0.0948,-0.9791,0,0,0.8873,-0.007,1]},
{"frame":144,"values":[0.9847,-0.0212,0.1731,0,0.0043,0.9953,0.0971,0,0.1743,0.0949,-0.9801,0,0,0.8876,-0.0069,1]},
{"frame":145,"values":[0.9858,-0.0204,0.1669,0,0.0042,0.9953,0.0971,0,0.1681,0.0951,-0.9812,0,0,0.888,-0.0069,1]},
{"frame":146,"values":[0.9868,-0.0197,0.161,0,0.004,0.9953,0.0971,0,0.1621,0.0952,-0.9822,0,0,0.8884,-0.0068,1]},
{"frame":147,"values":[0.9877,-0.019,0.1549,0,0.0039,0.9953,0.0971,0,0.156,0.0953,-0.9831,0,0,0.8889,-0.0067,1]},
{"frame":148,"values":[0.9887,-0.0182,0.1489,0,0.0037,0.9953,0.0971,0,0.1499,0.0955,-0.9841,0,0,0.8895,-0.0066,1]},
{"frame":149,"values":[0.9896,-0.0175,0.1427,0,0.0036,0.9953,0.0971,0,0.1438,0.0956,-0.985,0,0,0.8901,-0.0066,1]},
{"frame":150,"values":[0.9905,-0.0167,0.1366,0,0.0034,0.9953,0.0971,0,0.1375,0.0957,-0.9859,0,0,0.8907,-0.0065,1]},
{"frame":151,"values":[0.9913,-0.016,0.1304,0,0.0033,0.9953,0.0971,0,0.1313,0.0958,-0.9867,0,0,0.8915,-0.0063,1]},
{"frame":152,"values":[0.9922,-0.0152,0.1241,0,0.0031,0.9953,0.0971,0,0.125,0.0959,-0.9875,0,0,0.8923,-0.0062,1]},
{"frame":153,"values":[0.9929,-0.0144,0.1178,0,0.0029,0.9953,0.0971,0,0.1186,0.096,-0.9883,0,0,0.8932,-0.0061,1]},
{"frame":154,"values":[0.9937,-0.0136,0.1114,0,0.0028,0.9953,0.097,0,0.1122,0.0961,-0.989,0,0,0.8942,-0.006,1]},
{"frame":155,"values":[0.9944,-0.0129,0.105,0,0.0026,0.9953,0.097,0,0.1058,0.0962,-0.9897,0,0,0.8952,-0.0058,1]},
{"frame":156,"values":[0.9951,-0.0121,0.0986,0,0.0025,0.9953,0.097,0,0.0993,0.0963,-0.9904,0,0,0.8963,-0.0056,1]},
{"frame":157,"values":[0.9957,-0.0113,0.0922,0,0.0023,0.9953,0.097,0,0.0928,0.0964,-0.991,0,0,0.8975,-0.0055,1]},
{"frame":158,"values":[0.9963,-0.0105,0.0857,0,0.0021,0.9953,0.097,0,0.0863,0.0965,-0.9916,0,0,0.8987,-0.0053,1]},
{"frame":159,"values":[0.9968,-0.0097,0.0792,0,0.002,0.9953,0.097,0,0.0797,0.0965,-0.9921,0,0,0.9,-0.0051,1]},
{"frame":160,"values":[0.9973,-0.0089,0.0726,0,0.0018,0.9953,0.097,0,0.0731,0.0966,-0.9926,0,0,0.9014,-0.0049,1]},
{"frame":161,"values":[0.9978,-0.0081,0.066,0,0.0016,0.9953,0.097,0,0.0665,0.0967,-0.9931,0,0,0.9027,-0.0047,1]},
{"frame":162,"values":[0.9982,-0.0073,0.0595,0,0.0015,0.9953,0.097,0,0.0599,0.0967,-0.9935,0,0,0.9041,-0.0045,1]},
{"frame":163,"values":[0.9986,-0.0065,0.0528,0,0.0013,0.9953,0.097,0,0.0532,0.0968,-0.9939,0,0,0.9054,-0.0043,1]},
{"frame":164,"values":[0.9989,-0.0057,0.0462,0,0.0012,0.9953,0.097,0,0.0466,0.0968,-0.9942,0,0,0.9068,-0.0041,1]},
{"frame":165,"values":[0.9992,-0.0048,0.0396,0,0.001,0.9953,0.097,0,0.0399,0.0968,-0.9945,0,0,0.9081,-0.0039,1]},
{"frame":166,"values":[0.9995,-0.004,0.0329,0,0.0008,0.9953,0.0969,0,0.0331,0.0969,-0.9947,0,0,0.9093,-0.0037,1]},
{"frame":167,"values":[0.9997,-0.0032,0.0262,0,0.0007,0.9953,0.0969,0,0.0264,0.0969,-0.9949,0,0,0.9105,-0.0035,1]},
{"frame":168,"values":[0.9998,-0.0024,0.0195,0,0.0005,0.9953,0.0969,0,0.0197,0.0969,-0.9951,0,0,0.9116,-0.0034,1]},
{"frame":169,"values":[0.9999,-0.0016,0.0128,0,0.0003,0.9953,0.0969,0,0.0129,0.0969,-0.9952,0,0,0.9126,-0.0032,1]},
{"frame":170,"values":[1,-0.0007,0.0061,0,0.0002,0.9953,0.0969,0,0.0061,0.0969,-0.9953,0,0,0.9135,-0.0031,1]},
{"frame":171,"values":[1,0.0001,-0.0007,0,0,0.9953,0.0969,0,-0.0007,0.0969,-0.9953,0,0,0.9143,-0.003,1]},
{"frame":172,"values":[1,0.0009,-0.0075,0,-0.0002,0.9953,0.0969,0,-0.0075,0.0969,-0.9953,0,0,0.9149,-0.0029,1]},
{"frame":173,"values":[0.9999,0.0018,-0.0143,0,-0.0004,0.9953,0.0969,0,-0.0144,0.0969,-0.9952,0,0,0.9154,-0.0028,1]},
{"frame":174,"values":[0.9998,0.0026,-0.0211,0,-0.0005,0.9953,0.0969,0,-0.0213,0.0969,-0.9951,0,0,0.9157,-0.0028,1]},
{"frame":175,"values":[0.9996,0.0034,-0.028,0,-0.0007,0.9953,0.0969,0,-0.0282,0.0969,-0.9949,0,0,0.9159,-0.0027,1]},
{"frame":176,"values":[0.9994,0.0043,-0.0349,0,-0.0009,0.9953,0.0969,0,-0.0351,0.0968,-0.9947,0,0,0.916,-0.0027,1]},
{"frame":177,"values":[0.9991,0.0051,-0.0418,0,-0.001,0.9953,0.0969,0,-0.0421,0.0968,-0.9944,0,0,0.9158,-0.0028,1]},
{"frame":178,"values":[0.9988,0.006,-0.0487,0,-0.0012,0.9953,0.0969,0,-0.049,0.0967,-0.9941,0,0,0.9156,-0.0028,1]},
{"frame":179,"values":[0.9984,0.0068,-0.0556,0,-0.0014,0.9953,0.0969,0,-0.056,0.0967,-0.9937,0,0,0.9151,-0.0029,1]},
{"frame":180,"values":[0.998,0.0077,-0.0625,0,-0.0016,0.9953,0.0969,0,-0.063,0.0966,-0.9933,0,0,0.9145,-0.0029,1]},
{"frame":181,"values":[0.9975,0.0085,-0.0695,0,-0.0017,0.9953,0.0969,0,-0.07,0.0966,-0.9929,0,0,0.9138,-0.0031,1]},
{"frame":182,"values":[0.997,0.0093,-0.0764,0,-0.0019,0.9953,0.0969,0,-0.0769,0.0965,-0.9924,0,0,0.9129,-0.0032,1]},
{"frame":183,"values":[0.9965,0.0102,-0.0832,0,-0.0021,0.9953,0.0969,0,-0.0838,0.0964,-0.9918,0,0,0.912,-0.0033,1]},
{"frame":184,"values":[0.9959,0.011,-0.09,0,-0.0022,0.9953,0.0969,0,-0.0907,0.0963,-0.9912,0,0,0.9109,-0.0035,1]},
{"frame":185,"values":[0.9952,0.0118,-0.0967,0,-0.0024,0.9953,0.097,0,-0.0974,0.0963,-0.9906,0,0,0.9097,-0.0037,1]},
{"frame":186,"values":[0.9946,0.0126,-0.1033,0,-0.0026,0.9953,0.097,0,-0.104,0.0962,-0.9899,0,0,0.9084,-0.0039,1]},
{"frame":187,"values":[0.9939,0.0134,-0.1097,0,-0.0027,0.9953,0.097,0,-0.1105,0.0961,-0.9892,0,0,0.9071,-0.004,1]},
{"frame":188,"values":[0.9932,0.0142,-0.116,0,-0.0029,0.9953,0.097,0,-0.1168,0.096,-0.9885,0,0,0.9057,-0.0042,1]},
{"frame":189,"values":[0.9924,0.0149,-0.1219,0,-0.003,0.9953,0.097,0,-0.1228,0.0959,-0.9878,0,0,0.9044,-0.0045,1]},
{"frame":190,"values":[0.9917,0.0156,-0.1277,0,-0.0032,0.9953,0.097,0,-0.1286,0.0958,-0.9871,0,0,0.903,-0.0047,1]},
{"frame":191,"values":[0.991,0.0163,-0.133,0,-0.0033,0.9953,0.097,0,-0.134,0.0957,-0.9864,0,0,0.9016,-0.0049,1]},
{"frame":192,"values":[0.9903,0.0169,-0.138,0,-0.0035,0.9953,0.097,0,-0.139,0.0956,-0.9857,0,0,0.9002,-0.0051,1]},
{"frame":193,"values":[0.9896,0.0175,-0.1426,0,-0.0036,0.9953,0.097,0,-0.1436,0.0955,-0.985,0,0,0.8989,-0.0053,1]},
{"frame":194,"values":[0.989,0.018,-0.1467,0,-0.0037,0.9953,0.097,0,-0.1478,0.0954,-0.9844,0,0,0.8977,-0.0054,1]},
{"frame":195,"values":[0.9885,0.0184,-0.1503,0,-0.0038,0.9953,0.0971,0,-0.1514,0.0954,-0.9839,0,0,0.8965,-0.0056,1]},
{"frame":196,"values":[0.988,0.0188,-0.1534,0,-0.0038,0.9953,0.0971,0,-0.1545,0.0953,-0.9834,0,0,0.8954,-0.0058,1]},
{"frame":197,"values":[0.9876,0.0191,-0.1559,0,-0.0039,0.9953,0.0971,0,-0.157,0.0953,-0.983,0,0,0.8944,-0.0059,1]},
{"frame":198,"values":[0.9873,0.0193,-0.1577,0,-0.0039,0.9953,0.0971,0,-0.1588,0.0952,-0.9827,0,0,0.8934,-0.0061,1]},
{"frame":199,"values":[0.9871,0.0194,-0.1589,0,-0.004,0.9953,0.0971,0,-0.1601,0.0952,-0.9825,0,0,0.8926,-0.0062,1]},
{"frame":200,"values":[0.987,0.0195,-0.1595,0,-0.004,0.9953,0.0971,0,-0.1607,0.0952,-0.9824,0,0,0.8919,-0.0063,1]},
{"frame":201,"values":[0.987,0.0195,-0.1595,0,-0.004,0.9953,0.0971,0,-0.1606,0.0952,-0.9824,0,0,0.8913,-0.0064,1]},
{"frame":202,"values":[0.9871,0.0194,-0.1588,0,-0.004,0.9953,0.0971,0,-0.1599,0.0952,-0.9825,0,0,0.8909,-0.0064,1]},
{"frame":203,"values":[0.9873,0.0193,-0.1575,0,-0.0039,0.9953,0.0971,0,-0.1586,0.0952,-0.9827,0,0,0.8905,-0.0065,1]},
{"frame":204,"values":[0.9876,0.019,-0.1556,0,-0.0039,0.9953,0.0971,0,-0.1567,0.0953,-0.983,0,0,0.8903,-0.0065,1]},
{"frame":205,"values":[0.988,0.0187,-0.1531,0,-0.0038,0.9953,0.0971,0,-0.1542,0.0953,-0.9834,0,0,0.8901,-0.0065,1]},
{"frame":206,"values":[0.9885,0.0184,-0.1501,0,-0.0038,0.9953,0.0971,0,-0.1511,0.0954,-0.9839,0,0,0.8901,-0.0065,1]},
{"frame":207,"values":[0.989,0.0179,-0.1465,0,-0.0037,0.9953,0.0971,0,-0.1476,0.0955,-0.9844,0,0,0.8903,-0.0065,1]},
{"frame":208,"values":[0.9896,0.0174,-0.1425,0,-0.0036,0.9953,0.0971,0,-0.1435,0.0955,-0.985,0,0,0.8905,-0.0065,1]},
{"frame":209,"values":[0.9903,0.0169,-0.1381,0,-0.0035,0.9953,0.097,0,-0.1391,0.0956,-0.9857,0,0,0.8909,-0.0064,1]},
{"frame":210,"values":[0.9909,0.0163,-0.1333,0,-0.0033,0.9953,0.097,0,-0.1342,0.0957,-0.9863,0,0,0.8913,-0.0064,1]},
{"frame":211,"values":[0.9916,0.0157,-0.1281,0,-0.0032,0.9953,0.097,0,-0.129,0.0958,-0.987,0,0,0.8919,-0.0063,1]},
{"frame":212,"values":[0.9923,0.015,-0.1227,0,-0.0031,0.9953,0.097,0,-0.1236,0.0959,-0.9877,0,0,0.8926,-0.0062,1]},
{"frame":213,"values":[0.993,0.0143,-0.117,0,-0.0029,0.9953,0.097,0,-0.1178,0.096,-0.9884,0,0,0.8934,-0.0061,1]},
{"frame":214,"values":[0.9937,0.0136,-0.1111,0,-0.0028,0.9953,0.097,0,-0.1119,0.0961,-0.9891,0,0,0.8943,-0.0059,1]},
{"frame":215,"values":[0.9944,0.0129,-0.105,0,-0.0026,0.9953,0.097,0,-0.1058,0.0962,-0.9897,0,0,0.8953,-0.0058,1]},
{"frame":216,"values":[0.995,0.0121,-0.0988,0,-0.0025,0.9953,0.097,0,-0.0995,0.0963,-0.9904,0,0,0.8964,-0.0056,1]},
{"frame":217,"values":[0.9956,0.0113,-0.0925,0,-0.0023,0.9953,0.097,0,-0.0932,0.0963,-0.991,0,0,0.8975,-0.0055,1]},
{"frame":218,"values":[0.9962,0.0105,-0.0861,0,-0.0021,0.9953,0.097,0,-0.0867,0.0964,-0.9916,0,0,0.8988,-0.0053,1]},
{"frame":219,"values":[0.9968,0.0097,-0.0796,0,-0.002,0.9953,0.097,0,-0.0801,0.0965,-0.9921,0,0,0.9,-0.0051,1]},
{"frame":220,"values":[0.9973,0.0089,-0.073,0,-0.0018,0.9953,0.097,0,-0.0735,0.0966,-0.9926,0,0,0.9014,-0.0049,1]},
{"frame":221,"values":[0.9978,0.0081,-0.0664,0,-0.0017,0.9953,0.0969,0,-0.0669,0.0966,-0.9931,0,0,0.9027,-0.0047,1]},
{"frame":222,"values":[0.9982,0.0073,-0.0598,0,-0.0015,0.9953,0.0969,0,-0.0602,0.0967,-0.9935,0,0,0.9041,-0.0045,1]},
{"frame":223,"values":[0.9986,0.0065,-0.0531,0,-0.0013,0.9953,0.0969,0,-0.0535,0.0967,-0.9939,0,0,0.9054,-0.0043,1]},
{"frame":224,"values":[0.9989,0.0057,-0.0464,0,-0.0012,0.9953,0.0969,0,-0.0468,0.0968,-0.9942,0,0,0.9067,-0.0041,1]},
{"frame":225,"values":[0.9992,0.0049,-0.0398,0,-0.001,0.9953,0.0969,0,-0.04,0.0968,-0.9945,0,0,0.908,-0.0039,1]},
{"frame":226,"values":[0.9994,0.004,-0.033,0,-0.0008,0.9953,0.0969,0,-0.0333,0.0968,-0.9947,0,0,0.9093,-0.0037,1]},
{"frame":227,"values":[0.9996,0.0032,-0.0263,0,-0.0007,0.9953,0.0969,0,-0.0265,0.0969,-0.9949,0,0,0.9105,-0.0035,1]},
{"frame":228,"values":[0.9998,0.0024,-0.0196,0,-0.0005,0.9953,0.0969,0,-0.0197,0.0969,-0.9951,0,0,0.9116,-0.0034,1]},
{"frame":229,"values":[0.9999,0.0016,-0.0128,0,-0.0003,0.9953,0.0969,0,-0.0129,0.0969,-0.9952,0,0,0.9126,-0.0032,1]},
{"frame":230,"values":[1,0.0007,-0.0061,0,-0.0002,0.9953,0.0969,0,-0.0061,0.0969,-0.9953,0,0,0.9135,-0.0031,1]},
{"frame":231,"values":[1,-0.0001,0.0007,0,0,0.9953,0.0969,0,0.0007,0.0969,-0.9953,0,0,0.9143,-0.003,1]},
{"frame":232,"values":[1,-0.0009,0.0075,0,0.0002,0.9953,0.0969,0,0.0075,0.0969,-0.9953,0,0,0.9149,-0.0029,1]},
{"frame":233,"values":[0.9999,-0.0018,0.0143,0,0.0004,0.9953,0.0969,0,0.0144,0.0969,-0.9952,0,0,0.9154,-0.0028,1]},
{"frame":234,"values":[0.9998,-0.0026,0.0211,0,0.0005,0.9953,0.0969,0,0.0213,0.0969,-0.9951,0,0,0.9157,-0.0028,1]},
{"frame":235,"values":[0.9996,-0.0034,0.028,0,0.0007,0.9953,0.0969,0,0.0282,0.0969,-0.9949,0,0,0.9159,-0.0027,1]},
{"frame":236,"values":[0.9994,-0.0043,0.0349,0,0.0009,0.9953,0.0969,0,0.0351,0.0968,-0.9947,0,0,0.916,-0.0027,1]},
{"frame":237,"values":[0.9991,-0.0051,0.0418,0,0.001,0.9953,0.0969,0,0.0421,0.0968,-0.9944,0,0,0.9158,-0.0028,1]},
{"frame":238,"values":[0.9988,-0.006,0.0487,0,0.0012,0.9953,0.0969,0,0.049,0.0968,-0.9941,0,0,0.9156,-0.0028,1]},
{"frame":239,"values":[0.9984,-0.0068,0.0556,0,0.0014,0.9953,0.0969,0,0.056,0.0967,-0.9937,0,0,0.9151,-0.0029,1]},
{"frame":240,"values":[0.998,-0.0077,0.0626,0,0.0016,0.9953,0.0969,0,0.063,0.0967,-0.9933,0,0,0.9145,-0.0029,1]},
{"frame":241,"values":[0.9975,-0.0085,0.0695,0,0.0017,0.9953,0.0969,0,0.07,0.0966,-0.9929,0,0,0.9138,-0.0031,1]},
{"frame":242,"values":[0.997,-0.0093,0.0764,0,0.0019,0.9953,0.097,0,0.0769,0.0965,-0.9924,0,0,0.9129,-0.0032,1]},
{"frame":243,"values":[0.9965,-0.0102,0.0832,0,0.0021,0.9953,0.097,0,0.0838,0.0964,-0.9918,0,0,0.912,-0.0033,1]},
{"frame":244,"values":[0.9959,-0.011,0.09,0,0.0022,0.9953,0.097,0,0.0907,0.0964,-0.9912,0,0,0.9109,-0.0035,1]},
{"frame":245,"values":[0.9952,-0.0118,0.0967,0,0.0024,0.9953,0.097,0,0.0974,0.0963,-0.9906,0,0,0.9097,-0.0037,1]},
{"frame":246,"values":[0.9946,-0.0126,0.1033,0,0.0026,0.9953,0.097,0,0.104,0.0962,-0.9899,0,0,0.9084,-0.0039,1]},
{"frame":247,"values":[0.9939,-0.0134,0.1097,0,0.0027,0.9953,0.097,0,0.1105,0.0961,-0.9892,0,0,0.9071,-0.004,1]},
{"frame":248,"values":[0.9932,-0.0142,0.1159,0,0.0029,0.9953,0.097,0,0.1168,0.096,-0.9885,0,0,0.9057,-0.0042,1]},
{"frame":249,"values":[0.9924,-0.0149,0.1219,0,0.003,0.9953,0.097,0,0.1228,0.0959,-0.9878,0,0,0.9044,-0.0045,1]},
{"frame":250,"values":[0.9917,-0.0156,0.1276,0,0.0032,0.9953,0.097,0,0.1286,0.0958,-0.9871,0,0,0.903,-0.0047,1]},
{"frame":251,"values":[0.991,-0.0163,0.133,0,0.0033,0.9953,0.097,0,0.134,0.0957,-0.9864,0,0,0.9016,-0.0049,1]},
{"frame":252,"values":[0.9903,-0.0169,0.138,0,0.0034,0.9953,0.097,0,0.139,0.0956,-0.9857,0,0,0.9002,-0.0051,1]},
{"frame":253,"values":[0.9896,-0.0175,0.1426,0,0.0036,0.9953,0.0971,0,0.1436,0.0955,-0.985,0,0,0.8989,-0.0053,1]},
{"frame":254,"values":[0.989,-0.018,0.1467,0,0.0037,0.9953,0.0971,0,0.1478,0.0955,-0.9844,0,0,0.8977,-0.0054,1]},
{"frame":255,"values":[0.9885,-0.0184,0.1503,0,0.0038,0.9953,0.0971,0,0.1514,0.0954,-0.9839,0,0,0.8965,-0.0056,1]},
{"frame":256,"values":[0.988,-0.0188,0.1534,0,0.0038,0.9953,0.0971,0,0.1545,0.0953,-0.9834,0,0,0.8954,-0.0058,1]},
{"frame":257,"values":[0.9876,-0.0191,0.1558,0,0.0039,0.9953,0.0971,0,0.1569,0.0953,-0.983,0,0,0.8944,-0.0059,1]},
{"frame":258,"values":[0.9873,-0.0193,0.1577,0,0.0039,0.9953,0.0971,0,0.1588,0.0952,-0.9827,0,0,0.8934,-0.0061,1]},
{"frame":259,"values":[0.9871,-0.0194,0.1589,0,0.004,0.9953,0.0971,0,0.16,0.0952,-0.9825,0,0,0.8926,-0.0062,1]},
{"frame":260,"values":[0.987,-0.0195,0.1595,0,0.004,0.9953,0.0971,0,0.1606,0.0952,-0.9824,0,0,0.8919,-0.0063,1]},
{"frame":261,"values":[0.987,-0.0195,0.1595,0,0.004,0.9953,0.0971,0,0.1606,0.0952,-0.9824,0,0,0.8913,-0.0064,1]},
{"frame":262,"values":[0.9871,-0.0194,0.1588,0,0.004,0.9953,0.0971,0,0.1599,0.0952,-0.9825,0,0,0.8909,-0.0064,1]},
{"frame":263,"values":[0.9873,-0.0193,0.1575,0,0.0039,0.9953,0.0971,0,0.1586,0.0953,-0.9827,0,0,0.8905,-0.0065,1]},
{"frame":264,"values":[0.9876,-0.019,0.1555,0,0.0039,0.9953,0.0971,0,0.1566,0.0953,-0.983,0,0,0.8903,-0.0065,1]},
{"frame":265,"values":[0.988,-0.0187,0.153,0,0.0038,0.9953,0.0971,0,0.1541,0.0954,-0.9834,0,0,0.8901,-0.0065,1]},
{"frame":266,"values":[0.9885,-0.0184,0.15,0,0.0037,0.9953,0.0971,0,0.1511,0.0954,-0.9839,0,0,0.8901,-0.0065,1]},
{"frame":267,"values":[0.9891,-0.0179,0.1465,0,0.0037,0.9953,0.0971,0,0.1475,0.0955,-0.9844,0,0,0.8903,-0.0065,1]},
{"frame":268,"values":[0.9896,-0.0174,0.1425,0,0.0036,0.9953,0.0971,0,0.1435,0.0956,-0.985,0,0,0.8905,-0.0065,1]},
{"frame":269,"values":[0.9903,-0.0169,0.138,0,0.0034,0.9953,0.0971,0,0.139,0.0957,-0.9857,0,0,0.8909,-0.0064,1]},
{"frame":270,"values":[0.991,-0.0163,0.1332,0,0.0033,0.9953,0.0971,0,0.1342,0.0958,-0.9863,0,0,0.8913,-0.0064,1]},
{"frame":271,"values":[0.9916,-0.0157,0.1281,0,0.0032,0.9953,0.0971,0,0.129,0.0959,-0.987,0,0,0.8919,-0.0063,1]},
{"frame":272,"values":[0.9923,-0.015,0.1227,0,0.0031,0.9953,0.0971,0,0.1235,0.0959,-0.9877,0,0,0.8926,-0.0062,1]},
{"frame":273,"values":[0.993,-0.0143,0.117,0,0.0029,0.9953,0.0971,0,0.1178,0.096,-0.9884,0,0,0.8934,-0.0061,1]},
{"frame":274,"values":[0.9937,-0.0136,0.1111,0,0.0028,0.9953,0.097,0,0.1119,0.0961,-0.9891,0,0,0.8943,-0.0059,1]},
{"frame":275,"values":[0.9944,-0.0129,0.105,0,0.0026,0.9953,0.097,0,0.1058,0.0962,-0.9897,0,0,0.8953,-0.0058,1]},
{"frame":276,"values":[0.995,-0.0121,0.0988,0,0.0025,0.9953,0.097,0,0.0995,0.0963,-0.9904,0,0,0.8964,-0.0056,1]},
{"frame":277,"values":[0.9956,-0.0113,0.0925,0,0.0023,0.9953,0.097,0,0.0931,0.0964,-0.991,0,0,0.8975,-0.0055,1]},
{"frame":278,"values":[0.9962,-0.0105,0.0861,0,0.0021,0.9953,0.097,0,0.0867,0.0965,-0.9916,0,0,0.8988,-0.0053,1]},
{"frame":279,"values":[0.9968,-0.0097,0.0796,0,0.002,0.9953,0.097,0,0.0801,0.0965,-0.9921,0,0,0.9,-0.0051,1]},
{"frame":280,"values":[0.9973,-0.0089,0.073,0,0.0018,0.9953,0.097,0,0.0735,0.0966,-0.9926,0,0,0.9014,-0.0049,1]},
{"frame":281,"values":[0.9978,-0.0081,0.0664,0,0.0017,0.9953,0.097,0,0.0669,0.0967,-0.9931,0,0,0.9027,-0.0047,1]},
{"frame":282,"values":[0.9982,-0.0073,0.0598,0,0.0015,0.9953,0.097,0,0.0602,0.0967,-0.9935,0,0,0.9041,-0.0045,1]},
{"frame":283,"values":[0.9986,-0.0065,0.0531,0,0.0013,0.9953,0.097,0,0.0535,0.0968,-0.9939,0,0,0.9054,-0.0043,1]},
{"frame":284,"values":[0.9989,-0.0057,0.0465,0,0.0012,0.9953,0.097,0,0.0468,0.0968,-0.9942,0,0,0.9067,-0.0041,1]},
{"frame":285,"values":[0.9992,-0.0049,0.0398,0,0.001,0.9953,0.097,0,0.0401,0.0968,-0.9945,0,0,0.908,-0.0039,1]},
{"frame":286,"values":[0.9994,-0.004,0.0331,0,0.0008,0.9953,0.0969,0,0.0333,0.0969,-0.9947,0,0,0.9093,-0.0037,1]},
{"frame":287,"values":[0.9996,-0.0032,0.0264,0,0.0007,0.9953,0.0969,0,0.0265,0.0969,-0.9949,0,0,0.9105,-0.0035,1]},
{"frame":288,"values":[0.9998,-0.0024,0.0196,0,0.0005,0.9953,0.0969,0,0.0198,0.0969,-0.9951,0,0,0.9116,-0.0034,1]},
{"frame":289,"values":[0.9999,-0.0016,0.0129,0,0.0003,0.9953,0.0969,0,0.013,0.0969,-0.9952,0,0,0.9126,-0.0032,1]},
{"frame":290,"values":[1,-0.0007,0.0061,0,0.0002,0.9953,0.0969,0,0.0062,0.0969,-0.9953,0,0,0.9135,-0.0031,1]},
{"frame":291,"values":[1,0.0001,-0.0007,0,0,0.9953,0.0969,0,-0.0007,0.0969,-0.9953,0,0,0.9143,-0.003,1]},
{"frame":292,"values":[1,0.0009,-0.0075,0,-0.0002,0.9953,0.0969,0,-0.0075,0.0969,-0.9953,0,0,0.9149,-0.0029,1]},
{"frame":293,"values":[0.9999,0.0017,-0.0143,0,-0.0004,0.9953,0.0969,0,-0.0144,0.0969,-0.9952,0,0,0.9154,-0.0028,1]},
{"frame":294,"values":[0.9998,0.0026,-0.0211,0,-0.0005,0.9953,0.0969,0,-0.0213,0.0969,-0.9951,0,0,0.9157,-0.0028,1]},
{"frame":295,"values":[0.9996,0.0034,-0.028,0,-0.0007,0.9953,0.0969,0,-0.0282,0.0969,-0.9949,0,0,0.9159,-0.0027,1]},
{"frame":296,"values":[0.9994,0.0043,-0.0349,0,-0.0009,0.9953,0.0969,0,-0.0351,0.0968,-0.9947,0,0,0.916,-0.0027,1]},
{"frame":297,"values":[0.9991,0.0051,-0.0418,0,-0.001,0.9953,0.0969,0,-0.0421,0.0968,-0.9944,0,0,0.9158,-0.0028,1]},
{"frame":298,"values":[0.9988,0.006,-0.0487,0,-0.0012,0.9953,0.0969,0,-0.049,0.0967,-0.9941,0,0,0.9156,-0.0028,1]},
{"frame":299,"values":[0.9984,0.0068,-0.0556,0,-0.0014,0.9953,0.0969,0,-0.056,0.0967,-0.9937,0,0,0.9151,-0.0029,1]},
{"frame":300,"values":[0.998,0.0077,-0.0625,0,-0.0016,0.9953,0.0969,0,-0.063,0.0966,-0.9933,0,0,0.9145,-0.0029,1]},
{"frame":301,"values":[0.9975,0.0085,-0.0695,0,-0.0017,0.9953,0.0969,0,-0.07,0.0966,-0.9929,0,0,0.9138,-0.0031,1]},
{"frame":302,"values":[0.997,0.0093,-0.0764,0,-0.0019,0.9953,0.0969,0,-0.0769,0.0965,-0.9924,0,0,0.9129,-0.0032,1]},
{"frame":303,"values":[0.9965,0.0102,-0.0832,0,-0.0021,0.9953,0.0969,0,-0.0838,0.0964,-0.9918,0,0,0.912,-0.0033,1]},
{"frame":304,"values":[0.9959,0.011,-0.09,0,-0.0022,0.9953,0.0969,0,-0.0907,0.0963,-0.9912,0,0,0.9109,-0.0035,1]},
{"frame":305,"values":[0.9952,0.0118,-0.0967,0,-0.0024,0.9953,0.097,0,-0.0974,0.0963,-0.9906,0,0,0.9097,-0.0037,1]},
{"frame":306,"values":[0.9946,0.0126,-0.1033,0,-0.0026,0.9953,0.097,0,-0.104,0.0962,-0.9899,0,0,0.9084,-0.0039,1]},
{"frame":307,"values":[0.9939,0.0134,-0.1097,0,-0.0027,0.9953,0.097,0,-0.1105,0.0961,-0.9892,0,0,0.9071,-0.004,1]},
{"frame":308,"values":[0.9932,0.0142,-0.116,0,-0.0029,0.9953,0.097,0,-0.1168,0.096,-0.9885,0,0,0.9057,-0.0042,1]},
{"frame":309,"values":[0.9924,0.0149,-0.1219,0,-0.003,0.9953,0.097,0,-0.1228,0.0959,-0.9878,0,0,0.9044,-0.0045,1]},
{"frame":310,"values":[0.9917,0.0156,-0.1277,0,-0.0032,0.9953,0.097,0,-0.1286,0.0958,-0.9871,0,0,0.903,-0.0047,1]},
{"frame":311,"values":[0.991,0.0163,-0.133,0,-0.0033,0.9953,0.097,0,-0.134,0.0957,-0.9864,0,0,0.9016,-0.0049,1]},
{"frame":312,"values":[0.9903,0.0169,-0.138,0,-0.0035,0.9953,0.097,0,-0.139,0.0956,-0.9857,0,0,0.9002,-0.0051,1]},
{"frame":313,"values":[0.9896,0.0175,-0.1426,0,-0.0036,0.9953,0.097,0,-0.1436,0.0955,-0.985,0,0,0.8989,-0.0053,1]},
{"frame":314,"values":[0.989,0.018,-0.1467,0,-0.0037,0.9953,0.097,0,-0.1478,0.0954,-0.9844,0,0,0.8977,-0.0054,1]},
{"frame":315,"values":[0.9885,0.0184,-0.1503,0,-0.0038,0.9953,0.0971,0,-0.1514,0.0954,-0.9839,0,0,0.8965,-0.0056,1]},
{"frame":316,"values":[0.988,0.0188,-0.1534,0,-0.0038,0.9953,0.0971,0,-0.1545,0.0953,-0.9834,0,0,0.8954,-0.0058,1]},
{"frame":317,"values":[0.9876,0.0191,-0.1559,0,-0.0039,0.9953,0.0971,0,-0.157,0.0953,-0.983,0,0,0.8944,-0.0059,1]},
{"frame":318,"values":[0.9873,0.0193,-0.1577,0,-0.0039,0.9953,0.0971,0,-0.1588,0.0952,-0.9827,0,0,0.8934,-0.0061,1]},
{"frame":319,"values":[0.9871,0.0194,-0.1589,0,-0.004,0.9953,0.0971,0,-0.1601,0.0952,-0.9825,0,0,0.8926,-0.0062,1]},
{"frame":320,"values":[0.987,0.0195,-0.1595,0,-0.004,0.9953,0.0971,0,-0.1607,0.0952,-0.9824,0,0,0.8919,-0.0063,1]},
{"frame":321,"values":[0.987,0.0195,-0.1595,0,-0.004,0.9953,0.0971,0,-0.1606,0.0952,-0.9824,0,0,0.8913,-0.0064,1]},
{"frame":322,"values":[0.9871,0.0194,-0.1588,0,-0.004,0.9953,0.0971,0,-0.1599,0.0952,-0.9825,0,0,0.8909,-0.0064,1]},
{"frame":323,"values":[0.9873,0.0193,-0.1575,0,-0.0039,0.9953,0.0971,0,-0.1586,0.0952,-0.9827,0,0,0.8905,-0.0065,1]},
{"frame":324,"values":[0.9876,0.019,-0.1556,0,-0.0039,0.9953,0.0971,0,-0.1567,0.0953,-0.983,0,0,0.8903,-0.0065,1]},
{"frame":325,"values":[0.988,0.0187,-0.1531,0,-0.0038,0.9953,0.0971,0,-0.1542,0.0953,-0.9834,0,0,0.8901,-0.0065,1]},
{"frame":326,"values":[0.9885,0.0184,-0.1501,0,-0.0038,0.9953,0.0971,0,-0.1511,0.0954,-0.9839,0,0,0.8901,-0.0065,1]},
{"frame":327,"values":[0.989,0.0179,-0.1465,0,-0.0037,0.9953,0.0971,0,-0.1476,0.0955,-0.9844,0,0,0.8903,-0.0065,1]},
{"frame":328,"values":[0.9896,0.0174,-0.1425,0,-0.0036,0.9953,0.0971,0,-0.1435,0.0955,-0.985,0,0,0.8905,-0.0065,1]},
{"frame":329,"values":[0.9903,0.0169,-0.1381,0,-0.0035,0.9953,0.097,0,-0.1391,0.0956,-0.9857,0,0,0.8909,-0.0064,1]},
{"frame":330,"values":[0.9909,0.0163,-0.1333,0,-0.0033,0.9953,0.097,0,-0.1342,0.0957,-0.9863,0,0,0.8913,-0.0064,1]},
{"frame":331,"values":[0.9916,0.0157,-0.1281,0,-0.0032,0.9953,0.097,0,-0.129,0.0958,-0.987,0,0,0.8919,-0.0063,1]},
{"frame":332,"values":[0.9923,0.015,-0.1227,0,-0.0031,0.9953,0.097,0,-0.1236,0.0959,-0.9877,0,0,0.8926,-0.0062,1]},
{"frame":333,"values":[0.993,0.0143,-0.117,0,-0.0029,0.9953,0.097,0,-0.1178,0.096,-0.9884,0,0,0.8934,-0.0061,1]},
{"frame":334,"values":[0.9937,0.0136,-0.1111,0,-0.0028,0.9953,0.097,0,-0.1119,0.0961,-0.9891,0,0,0.8943,-0.0059,1]},
{"frame":335,"values":[0.9944,0.0129,-0.105,0,-0.0026,0.9953,0.097,0,-0.1058,0.0962,-0.9897,0,0,0.8953,-0.0058,1]},
{"frame":336,"values":[0.995,0.0121,-0.0988,0,-0.0025,0.9953,0.097,0,-0.0995,0.0963,-0.9904,0,0,0.8964,-0.0056,1]},
{"frame":337,"values":[0.9956,0.0113,-0.0925,0,-0.0023,0.9953,0.097,0,-0.0932,0.0963,-0.991,0,0,0.8975,-0.0055,1]},
{"frame":338,"values":[0.9962,0.0105,-0.0861,0,-0.0021,0.9953,0.097,0,-0.0867,0.0964,-0.9916,0,0,0.8988,-0.0053,1]},
{"frame":339,"values":[0.9968,0.0097,-0.0796,0,-0.002,0.9953,0.097,0,-0.0801,0.0965,-0.9921,0,0,0.9,-0.0051,1]},
{"frame":340,"values":[0.9973,0.0089,-0.073,0,-0.0018,0.9953,0.097,0,-0.0735,0.0966,-0.9926,0,0,0.9014,-0.0049,1]},
{"frame":341,"values":[0.9978,0.0081,-0.0664,0,-0.0017,0.9953,0.0969,0,-0.0669,0.0966,-0.9931,0,0,0.9027,-0.0047,1]},
{"frame":342,"values":[0.9982,0.0073,-0.0598,0,-0.0015,0.9953,0.0969,0,-0.0602,0.0967,-0.9935,0,0,0.9041,-0.0045,1]},
{"frame":343,"values":[0.9986,0.0065,-0.0531,0,-0.0013,0.9953,0.0969,0,-0.0535,0.0967,-0.9939,0,0,0.9054,-0.0043,1]},
{"frame":344,"values":[0.9989,0.0057,-0.0465,0,-0.0012,0.9953,0.0969,0,-0.0468,0.0968,-0.9942,0,0,0.9067,-0.0041,1]},
{"frame":345,"values":[0.9992,0.0049,-0.0398,0,-0.001,0.9953,0.0969,0,-0.0401,0.0968,-0.9945,0,0,0.9081,-0.0039,1]},
{"frame":346,"values":[0.9994,0.0041,-0.0331,0,-0.0008,0.9953,0.0969,0,-0.0333,0.0968,-0.9947,0,0,0.9093,-0.0037,1]},
{"frame":347,"values":[0.9996,0.0032,-0.0264,0,-0.0007,0.9953,0.0969,0,-0.0266,0.0969,-0.9949,0,0,0.9105,-0.0035,1]},
{"frame":348,"values":[0.9998,0.0024,-0.0197,0,-0.0005,0.9953,0.0969,0,-0.0198,0.0969,-0.9951,0,0,0.9116,-0.0034,1]},
{"frame":349,"values":[0.9999,0.0016,-0.013,0,-0.0003,0.9953,0.0969,0,-0.0131,0.0969,-0.9952,0,0,0.9126,-0.0032,1]},
{"frame":350,"values":[1,0.0008,-0.0063,0,-0.0002,0.9953,0.0969,0,-0.0063,0.0969,-0.9953,0,0,0.9135,-0.0031,1]},
{"frame":351,"values":[1,-0.0001,0.0004,0,0,0.9953,0.0969,0,0.0004,0.0969,-0.9953,0,0,0.9143,-0.003,1]},
{"frame":352,"values":[1,-0.0009,0.0071,0,0.0002,0.9953,0.0969,0,0.0072,0.0969,-0.9953,0,0,0.915,-0.0029,1]},
{"frame":353,"values":[0.9999,-0.0017,0.0139,0,0.0003,0.9953,0.0969,0,0.014,0.0969,-0.9952,0,0,0.9155,-0.0028,1]},
{"frame":354,"values":[0.9998,-0.0025,0.0206,0,0.0005,0.9953,0.0969,0,0.0207,0.0969,-0.9951,0,0,0.9159,-0.0027,1]},
{"frame":355,"values":[0.9996,-0.0033,0.0273,0,0.0007,0.9953,0.0969,0,0.0275,0.0969,-0.9949,0,0,0.9161,-0.0027,1]},
{"frame":356,"values":[0.9994,-0.0042,0.034,0,0.0008,0.9953,0.0969,0,0.0342,0.0968,-0.9947,0,0,0.9162,-0.0027,1]},
{"frame":357,"values":[0.9992,-0.005,0.0407,0,0.001,0.9953,0.0969,0,0.041,0.0968,-0.9945,0,0,0.9161,-0.0027,1]},
{"frame":358,"values":[0.9989,-0.0058,0.0474,0,0.0012,0.9953,0.0969,0,0.0477,0.0968,-0.9942,0,0,0.9159,-0.0027,1]},
{"frame":359,"values":[0.9985,-0.0066,0.054,0,0.0013,0.9953,0.0969,0,0.0544,0.0967,-0.9938,0,0,0.9155,-0.0028,1]},
{"frame":360,"values":[0.9981,-0.0074,0.0607,0,0.0015,0.9953,0.0969,0,0.0611,0.0967,-0.9934,0,0,0.915,-0.0029,1]},
{"frame":361,"values":[0.9977,-0.0082,0.0674,0,0.0017,0.9953,0.0969,0,0.0678,0.0966,-0.993,0,0,0.9144,-0.003,1]},
{"frame":362,"values":[0.9972,-0.0091,0.074,0,0.0018,0.9953,0.097,0,0.0745,0.0965,-0.9925,0,0,0.9136,-0.0031,1]},
{"frame":363,"values":[0.9967,-0.0099,0.0806,0,0.002,0.9953,0.097,0,0.0812,0.0965,-0.992,0,0,0.9127,-0.0032,1]},
{"frame":364,"values":[0.9961,-0.0107,0.0872,0,0.0022,0.9953,0.097,0,0.0878,0.0964,-0.9915,0,0,0.9117,-0.0034,1]},
{"frame":365,"values":[0.9955,-0.0115,0.0937,0,0.0023,0.9953,0.097,0,0.0944,0.0963,-0.9909,0,0,0.9106,-0.0035,1]},
{"frame":366,"values":[0.9949,-0.0123,0.1002,0,0.0025,0.9953,0.097,0,0.101,0.0962,-0.9902,0,0,0.9094,-0.0037,1]},
{"frame":367,"values":[0.9942,-0.0131,0.1067,0,0.0027,0.9953,0.097,0,0.1075,0.0961,-0.9895,0,0,0.9081,-0.0039,1]},
{"frame":368,"values":[0.9935,-0.0139,0.1132,0,0.0028,0.9953,0.097,0,0.114,0.096,-0.9888,0,0,0.9068,-0.0041,1]},
{"frame":369,"values":[0.9927,-0.0146,0.1196,0,0.003,0.9953,0.097,0,0.1205,0.0959,-0.9881,0,0,0.9053,-0.0043,1]},
{"frame":370,"values":[0.9919,-0.0154,0.126,0,0.0031,0.9953,0.097,0,0.1269,0.0958,-0.9873,0,0,0.9039,-0.0045,1]},
{"frame":371,"values":[0.9911,-0.0162,0.1324,0,0.0033,0.9953,0.097,0,0.1333,0.0957,-0.9864,0,0,0.9024,-0.0047,1]},
{"frame":372,"values":[0.9902,-0.017,0.1387,0,0.0035,0.9953,0.097,0,0.1397,0.0956,-0.9856,0,0,0.9009,-0.005,1]},
{"frame":373,"values":[0.9893,-0.0177,0.145,0,0.0036,0.9953,0.0971,0,0.1461,0.0955,-0.9847,0,0,0.8993,-0.0052,1]},
{"frame":374,"values":[0.9883,-0.0185,0.1513,0,0.0038,0.9953,0.0971,0,0.1524,0.0954,-0.9837,0,0,0.8978,-0.0054,1]},
{"frame":375,"values":[0.9873,-0.0193,0.1575,0,0.0039,0.9953,0.0971,0,0.1587,0.0952,-0.9827,0,0,0.8962,-0.0057,1]},
{"frame":376,"values":[0.9863,-0.02,0.1638,0,0.0041,0.9953,0.0971,0,0.1649,0.0951,-0.9817,0,0,0.8946,-0.0059,1]},
{"frame":377,"values":[0.9852,-0.0208,0.17,0,0.0043,0.9953,0.0971,0,0.1712,0.095,-0.9807,0,0,0.893,-0.0061,1]},
{"frame":378,"values":[0.9841,-0.0215,0.1761,0,0.0044,0.9953,0.0971,0,0.1773,0.0948,-0.9796,0,0,0.8915,-0.0064,1]},
{"frame":379,"values":[0.983,-0.0223,0.1824,0,0.0046,0.9953,0.0971,0,0.1837,0.0947,-0.9784,0,0,0.8898,-0.0066,1]},
{"frame":380,"values":[0.9819,-0.023,0.188,0,0.0047,0.9953,0.0972,0,0.1893,0.0945,-0.9774,0,0,0.8884,-0.0068,1]},
{"frame":381,"values":[0.9803,-0.024,0.196,0,0.0049,0.9953,0.0972,0,0.1974,0.0943,-0.9758,0,0,0.8863,-0.0071,1]}],"loopBehavior":1,"name":"anim","property":"_matrix"}},
{"name":"thigh.L","index":1,"matrix":[0.9607,0.1547,-0.2304,0,0.0761,-0.9452,-0.3174,0,-0.2669,0.2874,-0.9199,0,0.108,-0.0054,-0.0115,1],"rest":[0.9932,0.104,-0.053,0,0.1005,-0.9928,-0.0645,0,-0.0593,0.0587,-0.9965,0,0.108,-0.0054,-0.0115,1],"parentBoneIndex":0,"length":0.4163
,"animation":{"dataType":3,"framePerSecond":60,"keys":[
{"frame":1,"values":[0.9932,-0.0802,-0.0847,0,0.1077,0.3529,0.9295,0,-0.0446,-0.9322,0.3591,0,0.108,-0.0054,-0.0115,1]},
{"frame":61,"values":[0.9932,-0.0802,-0.0847,0,0.1077,0.3529,0.9295,0,-0.0446,-0.9322,0.3591,0,0.108,-0.0054,-0.0115,1]},
{"frame":71,"values":[0.9655,0.0324,-0.2584,0,0.019,-0.9983,-0.0542,0,-0.2597,0.0474,-0.9645,0,0.108,-0.0054,-0.0115,1]},
{"frame":130,"values":[0.9655,0.0324,-0.2584,0,0.019,-0.9983,-0.0542,0,-0.2597,0.0474,-0.9645,0,0.108,-0.0054,-0.0115,1]},
{"frame":141,"values":[0.9607,0.1547,-0.2304,0,0.0761,-0.9452,-0.3174,0,-0.2669,0.2874,-0.9199,0,0.108,-0.0054,-0.0115,1]},
{"frame":142,"values":[0.9604,0.1502,-0.2346,0,0.072,-0.9474,-0.3119,0,-0.2691,0.2826,-0.9207,0,0.108,-0.0054,-0.0115,1]},
{"frame":143,"values":[0.9602,0.1465,-0.238,0,0.0687,-0.9491,-0.3073,0,-0.2709,0.2787,-0.9214,0,0.108,-0.0054,-0.0115,1]},
{"frame":144,"values":[0.96,0.1438,-0.2403,0,0.0664,-0.9504,-0.3038,0,-0.2721,0.2757,-0.9219,0,0.108,-0.0054,-0.0115,1]},
{"frame":145,"values":[0.9598,0.1406,-0.243,0,0.0637,-0.952,-0.2994,0,-0.2734,0.2718,-0.9227,0,0.108,-0.0054,-0.0115,1]},
{"frame":146,"values":[0.9596,0.1372,-0.2457,0,0.061,-0.9537,-0.2945,0,-0.2747,0.2676,-0.9235,0,0.108,-0.0054,-0.0115,1]},
{"frame":147,"values":[0.9594,0.1336,-0.2484,0,0.0582,-0.9556,-0.2889,0,-0.276,0.2627,-0.9246,0,0.108,-0.0054,-0.0115,1]},
{"frame":148,"values":[0.9592,0.1296,-0.2512,0,0.0554,-0.9577,-0.2825,0,-0.2772,0.2571,-0.9258,0,0.108,-0.0054,-0.0115,1]},
{"frame":149,"values":[0.959,0.1252,-0.2541,0,0.0524,-0.9599,-0.2752,0,-0.2784,0.2506,-0.9272,0,0.108,-0.0054,-0.0115,1]},
{"frame":150,"values":[0.9589,0.1205,-0.257,0,0.0494,-0.9624,-0.2669,0,-0.2795,0.2433,-0.9288,0,0.108,-0.0054,-0.0115,1]},
{"frame":151,"values":[0.9587,0.1153,-0.26,0,0.0463,-0.9652,-0.2575,0,-0.2807,0.2349,-0.9306,0,0.108,-0.0054,-0.0115,1]},
{"frame":152,"values":[0.9585,0.1097,-0.2631,0,0.043,-0.9681,-0.2469,0,-0.2817,0.2253,-0.9327,0,0.108,-0.0054,-0.0115,1]},
{"frame":153,"values":[0.9584,0.1036,-0.2661,0,0.0397,-0.9712,-0.235,0,-0.2828,0.2147,-0.9348,0,0.108,-0.0054,-0.0115,1]},
{"frame":154,"values":[0.9582,0.097,-0.2692,0,0.0363,-0.9744,-0.2218,0,-0.2838,0.2028,-0.9372,0,0.108,-0.0054,-0.0115,1]},
{"frame":155,"values":[0.958,0.0899,-0.2722,0,0.0329,-0.9777,-0.2073,0,-0.2848,0.1896,-0.9396,0,0.108,-0.0054,-0.0115,1]},
{"frame":156,"values":[0.9579,0.0824,-0.2752,0,0.0294,-0.9811,-0.1914,0,-0.2858,0.1753,-0.9421,0,0.108,-0.0054,-0.0115,1]},
{"frame":157,"values":[0.9577,0.0743,-0.2781,0,0.0258,-0.9844,-0.1742,0,-0.2867,0.1597,-0.9446,0,0.108,-0.0054,-0.0115,1]},
{"frame":158,"values":[0.9575,0.0659,-0.2808,0,0.0223,-0.9875,-0.1557,0,-0.2876,0.1429,-0.947,0,0.108,-0.0054,-0.0115,1]},
{"frame":159,"values":[0.9573,0.0571,-0.2834,0,0.0188,-0.9905,-0.1361,0,-0.2885,0.125,-0.9493,0,0.108,-0.0054,-0.0115,1]},
{"frame":160,"values":[0.9571,0.0479,-0.2858,0,0.0153,-0.9932,-0.1154,0,-0.2894,0.1061,-0.9513,0,0.108,-0.0054,-0.0115,1]},
{"frame":161,"values":[0.9569,0.0385,-0.2879,0,0.0119,-0.9955,-0.0937,0,-0.2902,0.0863,-0.9531,0,0.108,-0.0054,-0.0115,1]},
{"frame":162,"values":[0.9567,0.0289,-0.2897,0,0.0086,-0.9974,-0.0714,0,-0.2911,0.0658,-0.9544,0,0.108,-0.0054,-0.0115,1]},
{"frame":163,"values":[0.9564,0.0193,-0.2913,0,0.0054,-0.9988,-0.0484,0,-0.2919,0.0447,-0.9554,0,0.108,-0.0054,-0.0115,1]},
{"frame":164,"values":[0.9562,0.0096,-0.2925,0,0.0023,-0.9997,-0.0251,0,-0.2927,0.0233,-0.9559,0,0.108,-0.0054,-0.0115,1]},
{"frame":165,"values":[0.956,-0.0001,-0.2934,0,-0.0005,-1,-0.0015,0,-0.2934,0.0016,-0.956,0,0.108,-0.0054,-0.0115,1]},
{"frame":166,"values":[0.9558,-0.0095,-0.294,0,-0.0032,-0.9998,0.0219,0,-0.2941,-0.02,-0.9556,0,0.108,-0.0054,-0.0115,1]},
{"frame":167,"values":[0.9556,-0.0187,-0.2942,0,-0.0057,-0.999,0.0452,0,-0.2948,-0.0415,-0.9547,0,0.108,-0.0054,-0.0115,1]},
{"frame":168,"values":[0.9554,-0.0276,-0.2942,0,-0.0079,-0.9977,0.068,0,-0.2954,-0.0626,-0.9533,0,0.108,-0.0054,-0.0115,1]},
{"frame":169,"values":[0.9552,-0.0361,-0.2938,0,-0.0099,-0.9959,0.0902,0,-0.2959,-0.0833,-0.9516,0,0.108,-0.0054,-0.0115,1]},
{"frame":170,"values":[0.955,-0.0442,-0.2932,0,-0.0117,-0.9937,0.1117,0,-0.2963,-0.1033,-0.9495,0,0.108,-0.0054,-0.0115,1]},
{"frame":171,"values":[0.9549,-0.0518,-0.2924,0,-0.0133,-0.9911,0.1323,0,-0.2966,-0.1225,-0.9471,0,0.108,-0.0054,-0.0115,1]},
{"frame":172,"values":[0.9548,-0.0589,-0.2913,0,-0.0146,-0.9883,0.1519,0,-0.2968,-0.1408,-0.9445,0,0.108,-0.0054,-0.0115,1]},
{"frame":173,"values":[0.9548,-0.0654,-0.2901,0,-0.0157,-0.9853,0.1704,0,-0.297,-0.1581,-0.9417,0,0.108,-0.0054,-0.0115,1]},
{"frame":174,"values":[0.9547,-0.0714,-0.2888,0,-0.0166,-0.9821,0.1877,0,-0.297,-0.1744,-0.9388,0,0.108,-0.0054,-0.0115,1]},
{"frame":175,"values":[0.9548,-0.0768,-0.2873,0,-0.0174,-0.9789,0.2038,0,-0.2969,-0.1896,-0.9359,0,0.108,-0.0054,-0.0115,1]},
{"frame":176,"values":[0.9548,-0.0816,-0.2858,0,-0.018,-0.9756,0.2186,0,-0.2967,-0.2036,-0.933,0,0.108,-0.0054,-0.0115,1]},
{"frame":177,"values":[0.9549,-0.086,-0.2843,0,-0.0185,-0.9725,0.2322,0,-0.2964,-0.2164,-0.9302,0,0.108,-0.0054,-0.0115,1]},
{"frame":178,"values":[0.955,-0.0898,-0.2827,0,-0.0188,-0.9695,0.2444,0,-0.296,-0.2281,-0.9275,0,0.108,-0.0054,-0.0115,1]},
{"frame":179,"values":[0.9551,-0.0932,-0.2811,0,-0.0191,-0.9667,0.2554,0,-0.2955,-0.2385,-0.9251,0,0.108,-0.0054,-0.0115,1]},
{"frame":180,"values":[0.9553,-0.096,-0.2796,0,-0.0193,-0.964,0.265,0,-0.295,-0.2478,-0.9228,0,0.108,-0.0054,-0.0115,1]},
{"frame":181,"values":[0.9555,-0.0985,-0.2781,0,-0.0195,-0.9617,0.2734,0,-0.2944,-0.2558,-0.9208,0,0.108,-0.0054,-0.0115,1]},
{"frame":182,"values":[0.9557,-0.1005,-0.2766,0,-0.0197,-0.9596,0.2805,0,-0.2937,-0.2626,-0.9191,0,0.108,-0.0054,-0.0115,1]},
{"frame":183,"values":[0.9559,-0.1022,-0.2752,0,-0.0199,-0.9579,0.2864,0,-0.2929,-0.2683,-0.9177,0,0.108,-0.0054,-0.0115,1]},
{"frame":184,"values":[0.9562,-0.1035,-0.2739,0,-0.0201,-0.9565,0.2912,0,-0.2921,-0.2729,-0.9166,0,0.108,-0.0054,-0.0115,1]},
{"frame":185,"values":[0.9564,-0.1045,-0.2727,0,-0.0204,-0.9553,0.2948,0,-0.2913,-0.2764,-0.9158,0,0.108,-0.0054,-0.0115,1]},
{"frame":186,"values":[0.9567,-0.1053,-0.2715,0,-0.0206,-0.9545,0.2974,0,-0.2905,-0.2789,-0.9153,0,0.108,-0.0054,-0.0115,1]},
{"frame":187,"values":[0.9569,-0.1058,-0.2704,0,-0.021,-0.954,0.299,0,-0.2896,-0.2805,-0.9151,0,0.108,-0.0054,-0.0115,1]},
{"frame":188,"values":[0.9572,-0.1061,-0.2694,0,-0.0213,-0.9538,0.2997,0,-0.2887,-0.2812,-0.9152,0,0.108,-0.0054,-0.0115,1]},
